@target G0.S0
@type xy
-0.031 1.604
0 1.357
0.031 1.363
0.062 1.373
0.094 1.494
0.125 1.577
0.156 1.553
0.188 1.661
0.219 1.56
0.25 1.399
0.281 1.345
0.312 1.23
0.344 1.183
0.375 1.169
0.406 1.236
0.438 1.424
0.469 1.737
0.5 1.798
0.531 1.818
0.562 1.695
0.594 1.727
0.625 1.919
0.656 1.935
0.688 1.809
0.719 1.656
0.75 1.446
0.781 1.023
0.812 0.812
0.844 0.694
0.875 0.387
0.906 0.199
0.938 0.027
0.969 0
1 0.008
1.031 0.245
1.062 0.402
1.094 0.788
1.125 1.068
1.156 1.502
1.188 1.9
&
@target G0.S1
@type xy
-0.125 0.684
-0.094 0.273
-0.062 0.173
-0.031 0.149
0 0.086
0.031 0.157
0.062 0.348
0.094 0.518
0.125 0.486
0.156 0.51
0.188 0.687
0.219 0.826
0.25 0.902
0.281 1.027
0.312 1.216
0.344 1.481
0.375 1.646
0.406 1.667
0.438 1.686
0.469 1.863
0.5 1.902
0.531 1.727
0.562 1.518
0.594 1.378
0.625 1.296
0.656 1.199
0.688 1.08
0.719 1.056
0.75 0.943
0.781 0.824
0.812 0.577
0.844 0.318
0.875 0.185
0.906 0.099
0.938 0.073
0.969 0.014
1 0
1.031 0.047
1.062 0.217
1.094 0.446
&
@target G1.S0
@type xy
-0.28 9.809
-0.24 8.262
-0.2 7.163
-0.16 6.249
-0.12 5.556
-0.08 4.85
-0.04 4.439
0 4.203
0.04 4.233
0.08 4.28
0.12 4.8
0.16 5.023
0.2 5.359
0.24 5.651
0.28 6.06
0.32 6.546
0.36 7.138
0.4 7.246
0.44 6.829
0.48 6.458
0.52 6.401
0.56 5.679
0.6 4.927
0.64 3.996
0.68 3.079
0.72 2.14
0.76 1.303
0.8 0.815
0.84 0.545
0.88 0.237
0.92 0.106
0.96 0
1 0.001
1.04 0.036
1.08 0.218
1.12 0.321
1.16 0.616
1.2 0.854
1.24 1.162
1.28 1.51
&
@target G1.S1
@type xy
-0.097 1.69
-0.065 1.192
-0.032 0.95
0 0.886
0.032 0.895
0.065 0.904
0.097 0.877
0.129 1.051
0.161 1.167
0.194 1.085
0.226 1.087
0.258 1.123
0.29 1.281
0.323 1.388
0.355 1.532
0.387 1.731
0.419 1.902
0.452 2.106
0.484 2.227
0.516 2.326
0.548 2.405
0.581 2.498
0.613 2.494
0.645 2.214
0.677 1.908
0.71 1.589
0.742 1.371
0.774 1.185
0.806 1.026
0.839 0.735
0.871 0.561
0.903 0.374
0.935 0.214
0.968 0.084
1 0
1.032 0.077
1.065 0.264
1.097 0.34
1.129 0.542
1.161 0.793
&
@target G2.S0
@type xy
-0.2 6.809
-0.167 6.077
-0.133 5.77
-0.1 5.413
-0.067 5.215
-0.033 4.814
-0 4.599
0.033 4.194
0.067 4.391
0.1 4.403
0.133 4.474
0.167 4.455
0.2 4.558
0.233 5.04
0.267 5.556
0.3 5.965
0.333 6.408
0.367 6.435
0.4 6.589
0.433 6.615
0.467 5.995
0.5 5.546
0.533 4.977
0.567 4.384
0.6 3.938
0.633 3.32
0.667 2.537
0.7 1.883
0.733 1.423
0.767 0.951
0.8 0.747
0.833 0.45
0.867 0.219
0.9 0.173
0.933 0.145
0.967 0
1 0.097
1.033 0.189
1.067 0.439
1.1 0.878
&
@target G2.S1
@type xy
-0.097 1.019
-0.065 0.582
-0.032 0.217
0 0.155
0.032 0.181
0.065 0.102
0.097 0.156
0.129 0.244
0.161 0.399
0.194 0.704
0.226 0.678
0.258 0.931
0.29 1.178
0.323 1.41
0.355 1.407
0.387 1.383
0.419 1.316
0.452 1.25
0.484 1.351
0.516 1.376
0.548 1.399
0.581 1.253
0.613 1.024
0.645 0.829
0.677 0.607
0.71 0.417
0.742 0.279
0.774 0.232
0.806 0.305
0.839 0.429
0.871 0.387
0.903 0.133
0.935 0.125
0.968 0.111
1 0
1.032 0.105
1.065 0.267
1.097 0.49
1.129 0.748
1.161 1.008
&
@target G3.S0
@type xy
-0.222 1.509
-0.185 1.367
-0.148 1.299
-0.111 1.178
-0.074 0.941
-0.037 0.586
0 0.299
0.037 0.23
0.074 0.231
0.111 0.274
0.148 0.715
0.185 1.057
0.222 1.439
0.259 1.638
0.296 1.999
0.333 2.481
0.37 2.668
0.407 2.69
0.444 2.599
0.481 2.292
0.519 2.2
0.556 2.18
0.593 2.123
0.63 1.944
0.667 1.775
0.704 1.653
0.741 1.504
0.778 1.3
0.815 0.945
0.852 0.593
0.889 0.364
0.926 0.091
0.963 0
1 0.141
1.037 0.386
1.074 0.627
1.111 0.933
1.148 1.169
1.185 1.497
1.222 1.749
&
@target G3.S1
@type xy
-0.138 1.511
-0.103 0.873
-0.069 0.62
-0.034 0.397
0 0.151
0.034 0.11
0.069 0.111
0.103 0.065
0.138 0.215
0.172 0.426
0.207 0.553
0.241 0.547
0.276 0.623
0.31 0.745
0.345 0.862
0.379 1.012
0.414 1.23
0.448 1.458
0.483 1.41
0.517 1.184
0.552 1.072
0.586 0.737
0.621 0.69
0.655 0.767
0.69 0.515
0.724 0.179
0.759 0.012
0.793 0
0.828 0.046
0.862 0.11
0.897 0.294
0.931 0.344
0.966 0.174
1 0.051
1.034 0.156
1.069 0.253
1.103 0.379
1.138 0.551
1.172 0.752
&
@target G4.S0
@type xy
-0.148 1.515
-0.111 0.983
-0.074 0.836
-0.037 0.584
0 0.523
0.037 0.497
0.074 0.615
0.111 0.681
0.148 0.862
0.185 1.066
0.222 1.377
0.259 1.524
0.296 1.594
0.333 1.433
0.37 1.084
0.407 1.295
0.444 1.293
0.481 1.604
0.519 1.956
0.556 2.629
0.593 3.043
0.63 2.827
0.667 2.181
0.704 1.847
0.741 1.261
0.778 0.77
0.815 0.697
0.852 0.398
0.889 0.183
0.926 0.036
0.963 0.059
1 0
1.037 0.127
1.074 0.167
1.111 0.5
1.148 0.638
1.185 0.67
&
@target G4.S2
@type xy
-0.147 2.7
-0.118 1.819
-0.088 1.603
-0.059 1.434
-0.029 0.776
0 0.643
0.029 0.801
0.059 1.106
0.088 1.408
0.118 1.32
0.147 1.186
0.176 1.385
0.206 1.183
0.235 0.947
0.265 1.386
0.294 1.588
0.324 1.746
0.353 1.805
0.382 1.522
0.412 1.387
0.441 1.412
0.471 1.346
0.5 1.409
0.529 1.437
0.559 1.775
0.588 2.206
0.618 2.625
0.647 2.779
0.676 3.118
0.706 3.065
0.735 2.887
0.765 2.608
0.794 2.571
0.824 2.414
0.853 1.953
0.882 1.691
0.912 1.123
0.941 0.513
0.971 0.297
1 0
&
@target G5.S0
@type xy
-0.111 1.71
-0.074 1.088
-0.037 0.976
0 0.892
0.037 0.95
0.074 0.771
0.111 0.872
0.148 0.973
0.185 1.106
0.222 1.241
0.259 1.569
0.296 1.924
0.333 2.367
0.37 2.804
0.407 3.217
0.444 3.764
0.481 4.23
0.519 4.964
0.556 5.286
0.593 5.23
0.63 5.004
0.667 4.313
0.704 3.377
0.741 2.77
0.778 2.125
0.815 1.507
0.852 1.065
0.889 0.579
0.926 0.327
0.963 0.045
1 0.011
1.037 0
1.074 0.219
1.111 0.42
1.148 0.626
1.185 0.746
1.222 0.95
&
@target G5.S1
@type xy
-0.857 4.583
-0.81 4.029
-0.762 3.509
-0.714 3.157
-0.667 3.066
-0.619 2.722
-0.571 2.424
-0.524 2.169
-0.476 2.127
-0.429 1.987
-0.381 1.843
-0.333 2.081
-0.286 2.092
-0.238 2.127
-0.19 2.204
-0.143 2.2
-0.095 1.874
-0.048 1.674
-0 1.612
0.048 1.867
0.095 2.185
0.143 2.651
0.19 3.226
0.238 3.683
0.286 4.092
0.333 4.756
0.381 5.147
0.429 5.633
0.476 5.981
0.524 5.726
0.571 5.282
0.619 4.704
0.667 4.177
0.714 3.537
0.762 3.113
0.81 2.454
0.857 1.799
0.905 1.04
0.952 0.491
1 0
&
@target G6.S0
@type xy
-0.103 1.505
-0.069 0.872
-0.034 0.684
0 0.561
0.034 0.677
0.069 0.496
0.103 0.79
0.138 0.504
0.172 0.752
0.207 0.922
0.241 1.18
0.276 1.202
0.31 1.411
0.345 1.588
0.379 2.061
0.414 2.164
0.448 2.14
0.483 2.531
0.517 3.099
0.552 3.784
0.586 3.575
0.621 3.71
0.655 3.778
0.69 3.693
0.724 2.792
0.759 2.125
0.793 1.67
0.828 1.027
0.862 0.583
0.897 0.31
0.931 0.137
0.966 0
1 0.063
1.034 0.081
1.069 0.439
1.103 0.534
1.138 0.462
&
@target G6.S1
@type xy
-0.258 4.583
-0.226 4.029
-0.194 3.509
-0.161 3.157
-0.129 3.066
-0.097 2.722
-0.065 2.424
-0.032 2.169
0 2.127
0.032 1.987
0.065 1.843
0.097 2.081
0.129 2.092
0.161 2.127
0.194 2.204
0.226 2.2
0.258 1.874
0.29 1.674
0.323 1.612
0.355 1.867
0.387 2.185
0.419 2.651
0.452 3.226
0.484 3.683
0.516 4.092
0.548 4.756
0.581 5.147
0.613 5.633
0.645 5.981
0.677 5.726
0.71 5.282
0.742 4.704
0.774 4.177
0.806 3.537
0.839 3.113
0.871 2.454
0.903 1.799
0.935 1.04
0.968 0.491
1 0
&
@target G7.S0
@type xy
-0.103 1.118
-0.069 0.696
-0.034 0.607
0 0.436
0.034 0.477
0.069 0.54
0.103 0.669
0.138 0.693
0.172 0.925
0.207 0.918
0.241 1.216
0.276 1.566
0.31 1.818
0.345 2.267
0.379 2.741
0.414 3.179
0.448 3.412
0.483 3.795
0.517 3.302
0.552 3.259
0.586 3.067
0.621 2.699
0.655 2.161
0.69 1.894
0.724 1.454
0.759 0.993
0.793 0.774
0.828 0.537
0.862 0.343
0.897 0.135
0.931 0.1
0.966 0
1 0.001
1.034 0.058
1.069 0.309
1.103 0.501
1.138 0.823
&
@target G7.S1
@type xy
-0.393 2.646
-0.357 2.418
-0.321 2.295
-0.286 1.855
-0.25 1.704
-0.214 1.764
-0.179 1.799
-0.143 1.651
-0.107 1.192
-0.071 1.167
-0.036 1.142
-0 0.911
0.036 0.847
0.071 0.859
0.107 0.952
0.143 0.949
0.179 0.916
0.214 1.016
0.25 1.053
0.286 1.109
0.321 1.461
0.357 1.584
0.393 1.767
0.429 1.946
0.464 2.037
0.5 2.187
0.536 2.179
0.571 2.134
0.607 2.094
0.643 1.882
0.679 1.836
0.714 1.73
0.75 1.621
0.786 1.267
0.821 1.147
0.857 0.879
0.893 0.6
0.929 0.343
0.964 0.171
1 0
&
@target G8.S0
@type xy
-0.304 7.357
-0.261 5.174
-0.217 3.837
-0.174 2.611
-0.13 1.503
-0.087 0.613
-0.043 0.095
-0 0.039
0.043 0
0.087 0.171
0.13 0.348
0.174 0.614
0.217 1.491
0.261 2.503
0.304 3.237
0.348 4.244
0.391 5.553
0.435 6.516
0.478 7.405
0.522 8.174
0.565 8.869
0.609 8.497
0.652 7.154
0.696 5.745
0.739 4.42
0.783 3.364
0.826 2.668
0.87 2.109
0.913 1.903
0.957 1.71
1 1.834
1.043 1.995
1.087 2.309
1.13 2.35
1.174 2.318
1.217 2.477
1.261 2.923
1.304 2.922
1.348 2.479
1.391 2.087
1.435 1.639
1.478 1.134
1.522 0.817
1.565 0.876
&
@target G8.S3
@type xy
-0.097 3.592
-0.065 3.5
-0.032 3.369
0 3.405
0.032 3.58
0.065 3.881
0.097 4.39
0.129 4.859
0.161 5.511
0.194 6.233
0.226 6.966
0.258 7.47
0.29 7.778
0.323 7.865
0.355 7.882
0.387 7.834
0.419 7.626
0.452 7.611
0.484 7.395
0.516 7.023
0.548 6.345
0.581 5.7
0.613 5.291
0.645 4.514
0.677 3.696
0.71 3.246
0.742 2.679
0.774 1.908
0.806 1.54
0.839 1.047
0.871 0.466
0.903 0.046
0.935 0.016
0.968 0
1 0.052
1.032 0.148
1.065 0.328
1.097 0.603
1.129 0.756
1.161 0.8
1.194 0.889
1.226 0.903
1.258 1.142
1.29 1.631
1.323 2.118
1.355 3.315
1.387 4.418
&
@target G9.S0
@type xy
-0.1 4.168
-0.067 4.022
-0.033 3.902
-0 3.863
0.033 3.956
0.067 4.146
0.1 4.546
0.133 5.006
0.167 5.725
0.2 6.476
0.233 7.261
0.267 7.897
0.3 8.377
0.333 8.551
0.367 8.531
0.4 8.577
0.433 8.328
0.467 8.119
0.5 7.782
0.533 7.353
0.567 6.871
0.6 6.037
0.633 5.463
0.667 4.966
0.7 4.314
0.733 3.481
0.767 2.704
0.8 2.085
0.833 1.3
0.867 0.831
0.9 0.336
0.933 0.136
0.967 0
1 0.013
1.033 0.103
1.067 0.221
1.1 0.413
1.133 0.53
1.167 0.564
1.2 0.584
1.233 0.666
1.267 0.605
1.3 0.782
1.333 1.202
1.367 1.55
1.4 2.406
1.433 3.416
&
@target G9.S1
@type xy
1.1004 1.701
1.0774 1.575
1.0554 1.468
1.0334 1.466
1.0114 1.573
0.9894 1.836
0.9664 2.256
0.9444 2.681
0.9224 3.165
0.9004 3.693
0.8774 4.368
0.8554 5.002
0.8334 5.67
0.8114 6.199
0.7894 6.777
0.7664 7.544
0.7444 8.004
0.7224 8.64
0.7004 9.072
0.6774 9.155
0.6554 9.258
0.6334 9.094
0.6114 8.821
0.5894 8.633
0.5664 8.261
0.5444 7.811
0.5224 7.063
0.5004 6.112
0.4774 5.439
0.4554 4.703
0.4334 3.953
0.4114 3.418
0.3894 2.979
0.3664 2.54
0.3444 2.213
0.3224 1.919
0.3004 1.711
0.2774 1.625
0.2554 1.407
0.2334 1.247
0.2114 1.087
0.1894 0.865
0.1664 0.665
0.1444 0.563
0.1224 0.363
0.1004 0.208
0.0774 0.189
0.0554 0
0.0334 0.101
0.0114 0.031
-0.0106 0.134
-0.0336 0.641
-0.0556 1.107
-0.0776 1.655
-0.0996 2.474
-0.1226 3.423
&
@target G10.S2
@type xy
-0.097 3.592
-0.065 3.5
-0.032 3.369
0 3.405
0.032 3.58
0.065 3.881
0.097 4.39
0.129 4.859
0.161 5.511
0.194 6.233
0.226 6.966
0.258 7.47
0.29 7.778
0.323 7.865
0.355 7.882
0.387 7.834
0.419 7.626
0.452 7.611
0.484 7.395
0.516 7.023
0.548 6.345
0.581 5.7
0.613 5.291
0.645 4.514
0.677 3.696
0.71 3.246
0.742 2.679
0.774 1.908
0.806 1.54
0.839 1.047
0.871 0.466
0.903 0.046
0.935 0.016
0.968 0
1 0.052
1.032 0.148
1.065 0.328
1.097 0.603
1.129 0.756
1.161 0.8
1.194 0.889
1.226 0.903
1.258 1.142
1.29 1.631
1.323 2.118
1.355 3.315
1.387 4.418
&
@target G10.S3
@type xy
1.1004 1.701
1.0774 1.575
1.0554 1.468
1.0334 1.466
1.0114 1.573
0.9894 1.836
0.9664 2.256
0.9444 2.681
0.9224 3.165
0.9004 3.693
0.8774 4.368
0.8554 5.002
0.8334 5.67
0.8114 6.199
0.7894 6.777
0.7664 7.544
0.7444 8.004
0.7224 8.64
0.7004 9.072
0.6774 9.155
0.6554 9.258
0.6334 9.094
0.6114 8.821
0.5894 8.633
0.5664 8.261
0.5444 7.811
0.5224 7.063
0.5004 6.112
0.4774 5.439
0.4554 4.703
0.4334 3.953
0.4114 3.418
0.3894 2.979
0.3664 2.54
0.3444 2.213
0.3224 1.919
0.3004 1.711
0.2774 1.625
0.2554 1.407
0.2334 1.247
0.2114 1.087
0.1894 0.865
0.1664 0.665
0.1444 0.563
0.1224 0.363
0.1004 0.208
0.0774 0.189
0.0554 0
0.0334 0.101
0.0114 0.031
-0.0106 0.134
-0.0336 0.641
-0.0556 1.107
-0.0776 1.655
-0.0996 2.474
-0.1226 3.423
&
@target G11.S0
@type xy
-0.097 3.847
-0.065 3.771
-0.032 3.481
0 3.577
0.032 3.831
0.065 3.915
0.097 4.361
0.129 4.897
0.161 5.589
0.194 6.067
0.226 6.691
0.258 7.211
0.29 7.345
0.323 7.562
0.355 8.231
0.387 8.725
0.419 8.904
0.452 9.144
0.484 9.172
0.516 9.053
0.548 8.745
0.581 8.357
0.613 7.731
0.645 7.111
0.677 6.195
0.71 5.26
0.742 4.426
0.774 3.318
0.806 2.49
0.839 1.894
0.871 0.951
0.903 0.444
0.935 0.221
0.968 0
1 0.081
1.032 0.145
1.065 0.104
1.097 0.625
1.129 0.537
1.161 0.549
1.194 0.585
1.226 0.506
1.258 0.572
1.29 1.035
1.323 1.46
1.355 2.202
1.387 3.244
&
@target G11.S1
@type xy
-0.067 2.501
-0.044 2.382
-0.022 2.334
0 2.382
0.022 2.507
0.044 2.684
0.067 2.972
0.089 3.498
0.111 4.214
0.133 4.921
0.156 5.643
0.178 6.381
0.2 6.955
0.222 7.56
0.244 7.799
0.267 8.404
0.289 8.918
0.311 9.344
0.333 9.532
0.356 9.581
0.378 9.5
0.4 9.263
0.422 8.988
0.444 8.746
0.467 8.262
0.489 7.736
0.511 6.974
0.533 6.159
0.556 5.412
0.578 4.693
0.6 3.959
0.622 3.363
0.644 2.904
0.667 2.507
0.689 2.248
0.711 1.972
0.733 1.829
0.756 1.706
0.778 1.461
0.8 1.351
0.822 1.186
0.844 0.958
0.867 0.781
0.889 0.642
0.911 0.455
0.933 0.282
0.956 0.179
0.978 0
1 0.024
1.022 0.028
1.044 0.322
1.067 0.718
1.089 1.109
1.111 1.808
1.133 2.741
1.156 3.67
&
@target G12.S0
@type xy
-0.273 2.692
-0.227 2.142
-0.182 1.81
-0.136 1.498
-0.091 1.067
-0.045 0.628
0 0.616
0.045 0.607
0.091 0.621
0.136 0.926
0.182 1.245
0.227 1.623
0.273 2.078
0.318 2.669
0.364 3.254
0.409 3.793
0.455 3.839
0.5 3.434
0.545 3.063
0.591 2.748
0.636 2.39
0.682 1.902
0.727 1.471
0.773 1.226
0.818 0.893
0.864 0.556
0.909 0.291
0.955 0.109
1 0
1.045 0.041
1.091 0.306
&
@target G12.S1
@type xy
-0.042 0.235
0 0
0.042 0.029
0.083 0.245
0.125 0.563
0.167 0.987
0.208 1.499
0.25 2.016
0.292 2.454
0.333 3.066
0.375 3.723
0.417 4.242
0.458 4.699
0.5 5.187
0.542 5.684
0.583 5.718
0.625 5.228
0.667 4.674
0.708 4.093
0.75 3.63
0.792 3.23
0.833 2.88
0.875 2.538
0.917 2.484
0.958 2.454
1 2.431
1.042 2.842
1.083 3.25
1.125 3.546
1.167 3.866
1.208 4.413
&
@target G13.S0
@type xy
-0.217 1.615
-0.174 1.193
-0.13 0.922
-0.087 0.698
-0.043 0.441
0 0.39
0.043 0.403
0.087 0.315
0.13 0.408
0.174 0.544
0.217 0.834
0.261 1.065
0.304 1.191
0.348 1.44
0.391 1.537
0.435 1.483
0.478 1.508
0.522 1.502
0.565 1.282
0.609 1.214
0.652 1.065
0.696 0.823
0.739 0.742
0.783 0.461
0.826 0.32
0.87 0.166
0.913 0.093
0.957 0.009
1 0
1.043 0.052
1.087 0.255
&
@target G13.S1
@type xy
0 0
0.045 0.033
0.091 0.199
0.136 0.413
0.182 0.744
0.227 1.09
0.273 1.649
0.318 2.074
0.364 2.522
0.409 2.993
0.455 3.497
0.5 3.953
0.545 4.347
0.591 4.757
0.636 5.307
0.682 5.35
0.727 5.307
0.773 5.226
0.818 4.87
0.864 4.491
0.909 4.246
0.955 4.12
1 4.147
1.045 4.22
1.091 4.614
1.136 4.948
1.182 5.166
1.227 5.633
1.273 6.211
1.318 6.841
1.364 7.354
&
@target G14.S0
@type xy
-0.333 1.708
-0.286 1.248
-0.238 0.979
-0.19 0.638
-0.143 0.421
-0.095 0.365
-0.048 0.212
0 0.169
0.048 0.275
0.095 0.282
0.143 0.611
0.19 0.853
0.238 1.007
0.286 1.431
0.333 1.794
0.381 1.89
0.429 1.941
0.476 2.014
0.524 2.009
0.571 1.766
0.619 1.508
0.667 1.367
0.714 1.138
0.762 0.698
0.81 0.429
0.857 0.21
0.905 0.022
0.952 0.005
1 0
1.048 0.056
1.095 0.316
&
@target G14.S1
@type xy
-0.091 0.635
-0.045 0.417
0 0.338
0.045 0.366
0.091 0.445
0.136 0.634
0.182 0.894
0.227 1.168
0.273 1.505
0.318 2.004
0.364 2.477
0.409 2.466
0.455 2.307
0.5 2.356
0.545 2.289
0.591 1.891
0.636 1.755
0.682 1.239
0.727 0.754
0.773 0.577
0.818 0.252
0.864 0.05
0.909 0
0.955 0.002
1 0.014
1.045 0.299
1.091 0.586
1.136 0.783
1.182 1.113
1.227 1.359
1.273 1.475
&
@target G15.S0
@type xy
-0.167 1.155
-0.125 0.648
-0.083 0.276
-0.042 0.181
-0 0.044
0.042 0.208
0.083 0.149
0.125 0.056
0.167 0.186
0.208 0.468
0.25 0.956
0.292 1.127
0.333 0.998
0.375 1.159
0.417 1.017
0.458 0.858
0.5 0.643
0.542 0.691
0.583 0.443
0.625 0.416
0.667 0.759
0.708 0.682
0.75 0.608
0.792 0.419
0.833 0.351
0.875 0.201
0.917 0.063
0.958 0
1 0.022
1.042 0.171
1.083 0.417
&
@target G15.S1
@type xy
-0.13 1.142
-0.087 0.844
-0.043 0.674
0 0.57
0.043 0.517
0.087 0.573
0.13 0.724
0.174 0.763
0.217 0.986
0.261 0.972
0.304 1.062
0.348 1.225
0.391 1.261
0.435 1.564
0.478 1.683
0.522 1.968
0.565 2.242
0.609 2.387
0.652 2.155
0.696 1.875
0.739 1.536
0.783 1.081
0.826 0.72
0.87 0.394
0.913 0.194
0.957 0.06
1 0
1.043 0.214
1.087 0.459
1.13 0.548
1.174 0.919
&
@target G15.S1
